3289
3248
2634
3016
2973
2890
2830
2454
1862
1958
1903
1492
1193
1042
959
531
178
142
84
63
73
114
200
138
185
150
117
41
57
55
56
155
140
69
118
257
365
265
154
97
58
39
97
84
207
268
476
611
1180
1954
1502
1079
1659
2172
2759
2604
2643
2871
1903
806
702
188
693
1781
2167
2294
2713
3405
2986
2475
2556
2259
2670
3168
3348
3391
3405
3374
3366
3357
3300
3191
1974
354
181
169
137
110
64
47
37
77
432
960
1414
2757
2519
2337
1597
1469
1363
1195
1735
1688
1256
809
350
233
231
755
904
1363
1275
1404
2246
2995
3370
3364
3424
3424
3424
3424
3425
3345
3319
3320
3365
3406
3390
3459
3339
3164
2608
3002
3048
2921
2701
2954
3201
3255
3304
3276
3258
3316
3225
3113
3199
3234
3202
3231
3175
3130
3083
2940
2871
2823
2852
2986
3021
2956
2911
2775
2663
2858
2933
3011
3057
3070
3102
3098
3081
2858
2387
2173
2762
2996
3157
2915
1889
2391
3016
2875
2817
2371
2341
1745
1821
1643
1413
1583
1927
1843
1652
1482
2013
2084
1494
1329
1070
551
477
508
477
1093
1025
958
1352
1402
1206
725
711
1416
1708
2052
2655
1914
951
1265
1618
2541
2777
1641
2035
1937
2391
2898
1479
1888
2103
1775
1946
1755
1535
1644
2588
2846
3128
3104
3147
3339
3423
3423
3375
3174
3189
3423
3423
3213
3387
3384
3314
3418
3423
3391
3488
3456
3394
2460
2654
2893
3386
3295
2735
3325
3347
3186
2915
3176
2967
3072
2896
2996
3038
2978
2975
3073
3035
3031
3003
2820
2083
1675
1418
1198
1290
1531
1240
1029
791
723
1088
929
902
649
647
503
509
385
241
246
300
199
255
216
289
267
354
581
681
807
763
502
505
582
583
562
457
401
342
300
312
229
187
274
457
843
1032
1158
1287
1198
1447
2145
2583
2855
2610
1929
1797
1660
1601
1298
1248
1186
1093
1111
1006
991
773
1003
1095
974
1226
1022
1147
1236
2316
3361
3423
3424
3424
3424
3376
3424
3398
3300
3425
3369
3424
3208
2196
3381
3369
2519
2828
3172
3352
3327
3412
3144
3420
3421
3422
3422
3423
3423
3423
3423
3330
3110
3361
3424
3424
3415
3339
3228
1792
422
145
120
122
74
61
39
132
168
2513
3036
3060
3066
3089
3114
3144
3159
3005
3017
2877
46
111
68
138
1631
3075
3042
3226
3230
3203
3104
3178
3121
609
549
600
600
600
600
600
600
600
600
600
600
610
597
2963
3143
2951
2845
2056
1652
922
579
262
453
765
897
1091
1049
2478
3062
3298
2845
2745
3300
3243
3311
3422
3454
2898
2196
2301
2039
2711
2586
2496
2165
2507
3040
3087
3270
3285
3048
3170
2958
2905
2873
2871
2910
2858
2927
2987
2997
3020
2675
2871
2933
2925
2970
3027
3072
3183
3335
3420
3422
3415
3419
3423
3423
3423
3421
3324
3116
2648
2412
2947
2628
3346
3458
3547
3548
3539
3517
3455
3275
3372
3339
2948
2832
2874
2862
2857
2727
2632
2946
2926
2753
2369
2284
2403
1246
862
625
847
768
584
1184
971
818
552
497
345
466
1608
3426
3426
3426
3425
3410
3412
3246
3200
3060
3046
3047
2956
3022
3078
3069
2962
2253
1677
889
276
649
2018
1910
2636
2668
2552
2530
1842
1343
2009
1861
1848
1747
1613
1184
876
751
759
782
704
826
757
982
1056
900
1430
1244
407
510
273
304
388
533
551
561
745
1077
848
678
650
683
1285
1522
1096
1275
1382
1701
2154
2904
2858
2907
3124
3337
3223
2410
1644
1612
2103
2538
2281
1805
1227
901
1143
1132
912
973
2330
2648
3049
3280
3164
3422
3343
3316
3348
3186
3416
3330
3297
3229
3257
3032
3022
2993
2908
2880
2959
2986
3006
2912
2427
2804
2927
2882
2858
2862
2975
2884
1425
927
900
759
544
497
499
505
537
520
718
964
1597
1374
2033
2750
1414
179
106
275
1566
1902
2833
2954
2051
1959
1678
1081
1443
2236
1069
1257
1055
990
899
606
235
240
319
382
401
405
338
357
546
1789
3137
3404
3426
3425
3425
3426
3354
3373
3254
3123
3161
3139
3113
541
276
169
174
194
201
134
63
749
490
160
199
616
714
612
1244
1261
1157
419
379
490
244
102
100
239
382
48
107
112
181
135
53
218
1675
2673
3029
3053
3040
3174
2528
2154
3087
3254
3165
2346
2332
2918
2784
2826
2791
2505
2551
2497
2666
2788
2150
2237
2950
3247
3201
3040
3211
2930
3271
3199
3224
3082
3196
3142
3023
3083
3006
2984
2504
1328
1978
2754
2809
2939
2852
3051
3137
3131
3033
2969
2951
2957
3311
3175
3252
3140
3176
3282
3247
3222
2535
1300
1552
677
518
480
969
1630
1944
1830
3048
3121
3041
3096
3100
3069
2991
3029
3093
3016
3058
2563
2951
2974
3003
2924
2863
2370
1226
2151
2876
2805
2844
1963
2666
2593
2916
2942
2941
2942
2924
2902
2876
2857
2879
2873
2718
2328
2340
1667
1789
911
1539
2955
2974
2947
2023
75
98
158
191
285
312
297
292
203
176
178
188
88
74
36
107
119
371
452
497
457
387
386
360
304
303
316
1942
2232
2409
1884
2313
2453
2020
1968
1870
1436
1026
801
806
978
528
173
718
1894
2249
2272
2310
2391
2409
2383
2062
2113
2299
2165
2287
2173
1960
1800
1979
2610
2147
1377
1153
1229
1344
2143
2307
2610
2275
2357
2334
2075
1746
2053
1903
2209
1318
1383
1798
1674
1946
2560
1336
1528
1966
1757
738
721
1019
1256
1039
570
267
1289
1530
1018
1283
1516
2534
1953
2263
2706
3107
3245
3228
3150
3113
3162
3077
3028
3007
2728
2430
3004
3121
3084
3062
2026
190
226
229
192
159
130
161
144
133
118
97
81
71
61
55
64
412
451
170
157
296
445
856
777
1077
1300
1530
2581
2942
3026
2978
2945
3082
3044
3064
3094
3105
3046
3066
3238
3438
3423
3334
3236
3198
3441
3511
3392
3363
3298
3254
3415
3421
3422
3414
3401
3303
3308
3088
2948
2891
2851
2897
2942
3138
2932
2276
921
2885
2926
2970
1454
1040
3025
3005
1954
1926
2965
2954
1837
2148
3421
3052
3313
3417
3278
3419
3422
3419
3337
3303
3342
3488
691
990
1317
3047
2171
1759
1663
2400
1903
1717
1746
1318
859
539
540
460
407
243
137
158
297
1102
1543
1737
2248
2701
2941
2947
2599
56
72
137
81
147
114
711
2926
2883
2492
1186
643
326
253
139
265
276
383
493
284
353
503
584
615
1304
2491
2962
2906
2885
2889
2998
2866
2987
2966
2884
2393
2541
2675
2153
2262
2404
2306
2202
1687
1574
1803
1794
1805
1930
1960
2025
2206
2529
2593
2673
2094
1947
2246
2278
1860
1847
1387
1434
1419
699
471
232
243
296
365
366
292
326
454
562
614
715
601
1060
1977
3376
3426
3427
3211
2906
2945
3081
3417
2321
2841
3197
2407
2201
1839
888
629
1602
2979
2140
3372
3376
3425
3375
3317
3288
3298
3339
3102
2355
3096
3345
3101
2858
2944
2880
2630
2472
2760
2913
3003
3069
3259
3143
3423
3424
3424
3424
3425
3412
3175
1402
1132
1298
2103
2670
2282
1315
600
530
393
322
309
272
394
520
603
2623
3422
2716
1216
3092
3409
3202
3424
2134
600
600
600
607
669
667
727
725
614
464
194
440
386
424
1210
1253
1011
827
844
721
742
591
646
486
396
429
720
749
786
787
603
953
1264
1500
1763
2236
1984
2694
3037
2994
2878
2990
3152
3305
3240
3280
3287
3377
3426
3425
3426
3454
2957
1079
1280
3205
2803
2634
2745
2775
2842
2558
3116
3389
3422
3423
3423
3423
3424
3424
3319
3323
3248
2980
1770
917
965
261
260
209
431
871
1174
1392
1599
1799
2579
2661
2896
2659
2986
2711
2074
616
415
1102
2056
1769
778
674
1065
1364
996
2056
1828
2031
980
620
448
429
487
891
447
402
480
383
285
368
372
387
452
416
385
622
708
740
608
881
855
908
1082
1618
1769
2220
2067
2812
2672
2848
2586
2521
1871
1645
1114
851
637
586
712
904
946
1643
1361
1458
1793
2704
3206
3061
2132
2499
3129
2060
2415
2208
1019
3074
2643
2123
2415
2505
2504
1861
1047
972
521
346
176
187
217
261
162
332
456
420
1386
1748
1987
1801
1661
1144
1211
1351
1111
490
383
392
347
361
228
206
212
235
289
353
420
546
532
365
468
464
666
923
1106
1528
1277
1181
1057
1014
1165
1137
1201
911
623
437
300
307
249
188
149
139
99
94
120
123
134
259
369
492
475
458
487
564
615
523
330
142
122
129
161
290
339
366
389
392
359
253
271
566
1531
2566
3345
3416
3412
3394
3410
3416
3426
3426
3381
3439
3193
523
440
550
612
604
655
616
624
452
554
600
618
3424
3425
3424
3424
3274
3370
3224
3410
3425
1334
2148
1313
160
238
217
261
345
550
541
441
217
774
1990
2296
2281
2297
1949
2204
1918
1938
1777
2297
1300
623
664
689
719
738
746
982
1857
2044
637
507
381
279
2097
1791
353
370
406
432
430
429
452
408
425
406
252
298
344
339
377
339
2313
2763
2533
2255
1687
1069
1465
2477
2037
728
196
331
620
2067
1575
2433
2516
1441
1995
1381
1048
1395
1219
880
1000
796
1229
1076
761
307
378
439
453
383
801
910
1042
725
520
425
421
605
225
241
272
377
555
771
889
906
913
812
578
1355
1397
1027
2313
1157
1437
911
1260
715
836
685
623
621
660
508
569
1215
651
1690
3060
2972
3029
3014
3012
3097
3075
3055
2756
2992
888
104
246
277
303
406
331
362
1964
1010
139
140
161
165
141
134
95
150
156
200
353
496
564
443
470
540
492
252
242
161
84
1469
2361
1363
1288
1958
172
1848
2571
2145
1117
1350
1999
2492
2781
3251
3388
3365
3425
3409
3311
3096
2689
1876
591
722
880
700
492
494
412
568
501
250
181
96
147
338
489
373
960
1574
1681
1736
2206
1736
1694
1402
1095
963
671
717
541
609
579
511
603
524
453
457
602
45
50
322
466
1057
934
601
440
659
779
636
282
274
272
291
370
306
289
480
621
745
707
642
602
685
890
1370
1144
1290
1587
2522
2037
2219
2076
1380
1007
691
475
537
632
688
672
658
731
676
669
887
1006
1290
2120
2604
2296
2163
3238
3289
3191
2813
2446
1503
1419
1847
1336
184
349
539
205
656
349
337
1056
1075
1576
2161
2930
3295
3190
1690
1403
2955
1875
2828
3024
2966
2439
1610
1194
849
646
381
243
244
201
111
100
252
124
83
38
34
43
37
106
716
1136
1770
2342
2351
2227
1337
1560
869
421
463
187
367
758
1341
1117
957
822
884
1610
2243
1837
2778
2957
3101
2816
3337
3423
3424
3423
3352
2124
1885
804
867
579
1193
2368
823
266
1365
2868
2854
2882
2345
3039
2973
2889
2876
2856
2901
2298
1703
1934
2501
485
250
209
161
209
149
2215
2919
2899
2725
1646
1948
1300
1874
1894
2295
2753
2603
2790
1579
1442
2411
3276
2613
1626
546
417
240
167
162
147
135
121
145
64
223
439
717
1303
676
979
1334
1057
997
1080
2387
2576
2054
1398
474
377
503
412
444
427
401
357
336
390
867
2310
3121
3378
3416
3417
3395
3360
3277
3400
3275
2811
2452
2128
1371
432
501
527
536
523
525
470
1693
2843
2733
3231
3385
3273
3217
3422
2900
2923
3067
3033
3085
3242
2961
2957
1916
146
175
618
2371
2440
1136
608
2684
2817
2922
2910
2920
3420
3387
3400
3349
3344
3254
3131
2929
2664
2941
2087
1852
149
176
154
232
194
186
150
89
79
346
567
600
600
598
563
584
509
522
438
471
464
520
437
170
174
248
197
176
378
176
140
138
150
208
245
123
592
375
301
567
215
277
121
69
201
354
2548
1899
530
235
216
197
159
143
122
74
39
32
32
47
32
158
113
32
40
83
136
83
174
161
191
149
205
144
126
114
129
71
37
39
57
104
126
363
399
473
571
600
600
600
600
430
433
419
204
86
67
101
135
250
313
944
1386
1340
1482
1305
2409
2495
2961
3412
3295
3418
3418
3419
3236
3392
3280
3259
3087
2957
2770
2680
2558
2549
3139
2844
2685
2133
2617
2299
2711
3033
3112
2950
2908
2851
2666
2561
2553
2599
2550
2564
2696
2416
2677
2613
2539
2073
2212
2638
1678
1635
560
273
304
325
239
1177
2774
2641
943
784
2210
2711
2770
2748
2630
2649
2269
1602
603
289
382
470
320
370
245
171
166
372
647
1652
2509
2578
2569
2588
2609
2557
2548
2571
2286
1645
1500
1851
1729
1905
1643
1494
1509
2188
2471
2434
1499
1452
2595
2878
2757
2753
2441
1049
751
2627
2295
1467
928
1249
966
1103
1008
1094
1193
940
545
713
1381
1332
2249
2538
3008
2868
2879
2880
2962
3118
3114
3084
3070
2957
1385
2466
2428
1244
1668
1814
1946
2121
2364
2100
1872
1375
932
1270
1379
1164
1240
1187
1118
1215
1286
843
742
341
80
85
128
186
283
293
399
441
631
695
1017
2599
2417
2659
2850
2894
3141
3162
3238
3262
3165
2285
1263
1224
1407
1272
759
403
259
256
345
349
1194
2131
2447
3087
3166
2308
3132
3004
2864
2931
2942
3101
2934
2764
3008
3023
2925
2942
2939
2869
2536
2934
1803
1832
964
254
293
283
200
270
380
465
533
317
55
354
124
170
66
79
526
2499
2480
1745
910
945
374
313
551
478
104
810
598
1171
1223
262
2713
2567
2589
2682
2605
2707
2731
2223
599
529
1333
2371
1456
355
342
1335
2396
2849
2928
3119
2744
3293
3353
3364
3077
3421
3331
3195
3208
2937
2127
802
1087
1656
2059
2758
2911
1218
1543
2000
864
1765
3072
2940
2312
1583
1941
1851
864
502
441
519
600
605
1633
2865
2821
2605
1472
1655
2304
2949
3264
3230
3344
3229
3254
2835
2813
2794
2887
2828
3128
3250
3274
3405
3100
2961
3295
3428
3409
648
691
686
732
701
691
690
594
534
250
158
104
36
38
56
81
60
43
165
297
379
403
441
135
287
315
305
248
195
162
135
121
72
42
33
254
354
461
509
529
451
525
459
442
431
551
527
123
76
113
156
225
184
156
187
159
171
98
251
279
440
579
600
600
600
600
600
600
310
576
428
415
442
508
488
414
474
493
453
389
396
385
295
444
867
3279
3418
3261
3413
3313
2933
1736
1389
1157
1192
952
893
312
326
115
244
317
383
605
666
472
376
308
600
466
303
465
481
422
471
389
148
138
271
343
457
388
352
313
330
308
257
248
205
171
115
87
129
2593
3101
3075
3231
3196
3151
3129
2987
3059
3026
2886
2668
869
162
171
163
153
421
1162
1645
1769
2692
3004
2384
2537
2889
2896
2871
2881
2906
2868
2730
2208
721
672
1554
1209
390
370
332
250
167
150
109
102
364
2384
2253
2873
2771
2696
2464
2118
1421
1766
1847
1368
1823
1971
2415
2066
1332
635
189
142
210
188
123
1519
255
1868
1769
1323
2159
1984
3111
2642
1279
1462
877
727
757
281
229
166
160
175
187
228
290
325
313
365
262
600
598
600
600
340
165
211
333
499
568
308
341
380
145
178
216
228
248
246
1152
2215
2674
1272
240
234
806
2410
2996
3307
2923
2610
1691
2171
2426
2340
2798
1348
2483
2940
1418
686
477
880
1047
638
350
135
111
1271
3399
3412
2458
1261
2823
3106
2986
3141
3418
3190
2369
3324
2226
714
727
732
730
706
1319
2117
1962
2001
1995
2916
183
134
126
142
193
131
238
401
399
422
381
280
265
274
239
211
512
399
753
1226
1874
2172
2661
3065
3258
3301
3238
3166
3079
3054
2938
3089
3016
3097
2824
171
234
234
178
175
177
172
141
137
173
273
321
366
394
309
251
154
305
292
407
379
344
268
270
310
312
269
316
352
384
345
271
341
368
419
561
600
349
600
443
1962
1396
2777
1061
1144
2242
1991
2407
1844
964
1286
1716
1792
2051
1807
1357
2348
899
1810
1344
2368
2946
3629
3990
3630
3628
3657
3669
3705
3537
3928
3539
1940
896
364
331
487
526
646
1237
986
1739
1542
2550
2454
3616
2362
818
625
3740
3315
3810
4190
3797
3549
1938
642
385
320
627
730
913
1072
825
873
1254
1495
885
1805
2162
1221
984
1972
3156
3425
2551
3693
3950
3689
2856
946
580
1146
844
2017
2413
2091
1909
1963
2735
2016
593
1046
2551
3238
3074
3637
3885
3946
4030
3308
4243
4155
3568
1207
694
706
857
1003
1866
2304
2330
2163
2660
3076
2427
2141
1744
1891
3178
2867
3202
3689
4082
4024
4187
4068
3428
1104
445
306
406
330
324
361
317
429
238
344
1123
3134
2363
1988
1942
2057
1496
2012
1228
848
947
971
1043
1110
661
1136
1092
1343
1109
1186
1157
1193
572
1743
3131
2111
3087
1715
600
387
828
831
641
678
191
388
558
1490
1338
940
1161
520
373
501
390
287
288
313
281
694
1118
731
896
241
269
878
1422
774
491
545
656
717
474
385
369
332
250
319
302
204
237
386
653
1358
1681
1934
1237
1321
1246
1177
830
1484
1515
722
556
563
450
825
1820
3560
3260
757
379
354
291
310
192
238
238
200
197
197
397
590
422
532
218
283
471
377
267
451
384
395
830
2006
1699
2120
1321
1253
1632
1398
952
699
1068
517
385
470
213
582
309
447
873
437
622
658
426
323
333
301
291
258
283
310
301
402
306
335
314
1264
840
471
587
321
227
216
260
465
418
619
337
284
386
373
333
700
2127
1775
1993
5082
634
469
379
192
190
313
466
213
190
207
214
357
275
566
374
391
1036
416
2162
1215
575
275
235
202
379
464
450
421
703
1024
346
213
195
196
212
304
425
738
1047
1166
1016
1351
807
458
411
440
790
559
460
461
225
285
929
1533
1820
1259
1920
1965
1509
469
279
294
475
1077
843
865
811
921
258
219
192
507
621
525
1249
1203
1565
1965
1847
2078
2492
3028
2756
1087
1097
2221
2236
2387
2097
1971
1863
1489
1820
2506
2594
2863
3310
3616
3876
3864
3771
3796
4015
4104
3376
3336
3522
2032
1029
1418
1685
1866
1956
1919
2118
2419
2797
2968
2618
3446
3817
3561
3950
3871
3987
3941
3846
3602
3381
1373
1972
1034
429
305
312
332
331
311
690
362
475
1147
195
1543
796
190
3194
2206
2031
861
460
217
437
289
250
270
328
301
377
461
742
1025
1862
1413
1217
1344
1061
889
1249
669
538
744
910
438
568
424
427
387
219
388
366
496
581
362
307
331
447
280
439
699
3924
4004
1306
189
1549
224
1775
2704
384
198
213
211
476
391
1462
1600
1185
1055
943
1416
1203
1019
1354
1691
1368
1669
2884
3632
3670
1110
1424
3018
3604
3394
3025
2357
2191
783
526
542
422
617
931
1470
2541
1752
1485
1047
1500
3507
3816
4055
4106
4025
4284
4327
4206
4191
3966
3705
3361
2081
2434
2986
2045
1126
592
580
614
424
340
667
308
2124
3171
2588
3382
3725
3656
2823
4103
4403
3813
3722
2269
289
297
311
306
293
286
700
957
1961
2520
2153
1193
3475
3665
5462
4328
3929
3832
2913
2759
1950
3078
3226
3781
3378
3693
3058
3053
2680
3002
3211
3830
4077
3868
4267
3381
4016
190
219
1587
2662
2894
1741
859
1148
821
2141
2188
2764
2784
2533
2699
2546
2004
1760
1786
1882
2049
1562
1927
1546
2127
3202
3663
3132
3678
4198
3053
1719
799
289
402
590
274
352
593
559
418
290
276
264
235
285
659
376
787
365
354
763
742
1027
830
2760
3657
2768
1103
240
260
264
413
375
369
412
340
410
243
423
605
688
211
189
195
192
193
341
230
192
2782
2323
1922
1179
365
293
312
338
486
438
390
715
639
976
832
864
1071
1999
1968
1867
936
687
234
238
1285
1304
1102
1178
1538
2774
2909
2538
2391
1216
837
588
399
750
485
956
1218
1924
1917
1828
2223
2012
1926
2385
205
1128
305
1346
828
1402
1461
1455
1656
2080
1847
1737
1967
2108
1682
2283
2084
1720
1661
2672
2850
2548
2821
3345
2864
3486
3008
1280
705
1282
1273
785
677
924
942
838
1103
1494
1606
1974
1874
618
1053
1113
2616
1222
2964
1126
1679
1956
2903
1248
888
1546
1681
1918
2029
2417
2382
2143
2237
1884
2656
2474
3490
2896
1758
2263
1298
2102
2788
1717
1071
1601
2186
305
764
1060
2760
1943
1424
858
766
1183
1584
2138
2067
2410
3917
2793
4487
3034
221
1383
1446
407
420
338
428
259
832
908
849
744
360
784
451
2385
274
198
232
259
483
247
639
2534
191
216
1118
1122
1360
554
512
693
379
333
331
261
264
372
355
372
242
213
190
240
1498
1883
1316
1679
908
594
420
606
238
353
262
401
464
726
851
710
698
776
846
1670
1746
1622
2227
1694
1929
2002
1847
1622
1442
1119
1109
465
230
496
504
259
262
357
298
447
513
332
293
451
502
795
788
1019
1825
2201
2369
2498
2437
2740
2293
2370
2190
2041
1390
1537
1416
970
1091
1030
629
586
590
608
717
742
798
2078
3530
3205
4354
4132
3795
3997
3643
4158
3873
3297
1925
572
601
568
701
1046
830
1329
2088
2323
2310
1184
342
234
2072
3915
3980
3627
3767
3958
3948
3820
3191
353
209
408
456
769
861
562
707
477
319
360
540
1464
1995
2298
2050
2171
2205
1196
1888
1929
1490
2310
1688
1358
751
1371
1997
2010
1741
2013
2626
3240
2702
2510
2541
2825
3730
3640
1580
4166
891
528
217
556
531
849
1212
1146
718
424
499
518
1148
960
815
1063
1225
1280
1328
1102
2143
2163
3600
3361
3167
2330
1535
2053
2059
2070
2511
2591
3241
1861
1185
1020
1932
1365
1145
1116
1482
1887
1885
2494
2981
3202
4117
1380
634
1812
2457
3203
3602
2525
3608
561
1325
1311
1351
1868
1490
1077
1072
1218
1018
1152
1498
1301
2450
2398
1128
2913
1975
402
279
876
1609
647
912
670
1131
1740
1934
1051
769
344
296
289
293
416
633
509
5046
2504
2769
1377
1622
836
367
955
2979
662
195
1230
857
595
666
1132
854
811
579
606
880
1142
1093
1313
1532
2089
2818
3197
3181
3654
3880
3788
3458
3749
3746
3716
3632
2661
1762
1829
1834
1962
1745
1461
1110
1280
1292
2353
3195
3457
3880
3638
3615
3648
2951
3269
3113
2290
2722
2502
2597
2390
1950
2350
2160
2367
2508
2714
2809
3015
3211
3207
3104
3690
3799
3921
3763
3584
3229
3178
2726
2693
2883
3276
3252
2938
2209
2418
2223
2221
2139
2219
2000
1610
1790
2592
2702
2700
2100
2745
2168
2482
1079
1160
1606
1766
1023
741
557
316
751
1002
742
453
333
295
328
297
253
198
1479
1441
1156
719
993
1566
1769
1941
1890
1507
1268
859
372
359
415
586
544
392
307
411
446
568
506
701
999
907
1627
1727
1924
2070
2182
2215
2501
2785
2884
2859
1910
1393
1180
950
715
638
593
392
547
637
774
938
1303
1789
2232
2361
2591
2711
2728
2563
2542
2506
2361
2335
1700
675
533
368
302
309
304
294
303
333
269
259
193
765
1168
2135
2350
2622
1785
1893
1342
875
644
284
208
512
635
562
1077
882
420
319
280
247
227
372
581
1163
2279
2424
2597
3127
3469
3598
3250
3049
3151
2812
966
257
271
274
317
340
315
302
313
260
448
230
370
1241
1501
2076
1763
2280
2330
2305
2350
2285
1822
1602
872
364
276
315
325
408
356
307
314
619
604
1001
1276
2133
2905
2729
2437
1600
1351
1365
3002
2808
3174
3269
2453
1611
1482
1003
643
358
319
297
295
303
397
651
1273
2070
2938
2737
2702
2405
2706
2416
2777
2322
949
710
2282
1581
951
418
846
669
555
531
468
744
595
755
888
1528
683
3039
1409
835
1302
870
1867
1870
2657
3493
1874
1225
771
480
351
320
342
816
752
722
749
986
1332
1234
1924
2405
2364
414
367
295
274
265
267
223
119
131
131
133
184
165
783
1351
1133
1016
959
862
1057
1804
2122
3001
3168
2897
1799
739
451
1478
2880
2972
2785
2099
1399
1108
247
335
978
997
1389
1331
785
360
628
790
733
794
1050
2381
3046
3007
3399
3308
3367
3398
3313
2232
2091
1859
949
287
329
294
320
310
345
374
360
309
332
366
465
446
472
494
442
436
472
469
399
492
402
292
298
302
290
269
323
320
315
356
351
389
501
533
452
555
560
550
545
519
483
448
419
418
324
275
279
273
249
324
367
384
392
357
385
357
350
317
390
313
131
149
96
93
75
104
137
349
281
274
214
218
220
182
207
319
222
138
237
163
187
309
225
251
145
178
179
212
264
131
68
124
115
132
214
298
172
191
128
108
70
56
44
89
149
305
378
298
333
206
151
63
137
72
56
105
158
277
221
194
157
91
79
81
96
96
38
32
198
119
67
41
32
84
37
93
208
174
84
92
116
100
85
100
101
100
112
103
69
45
49
123
112
81
41
463
1095
824
814
544
392
143
104
79
124
87
144
165
308
64
310
213
144
44
33
96
36
55
98
35
32
33
32
46
33
45
47
72
365
581
193
179
223
1616
1636
1795
813
924
1291
1346
843
1234
785
156
114
52
93
195
162
117
99
213
211
245
242
223
273
364
374
390
331
409
486
945
1550
1858
1910
1762
1103
783
1041
974
601
412
201
83
137
204
209
227
263
740
780
866
726
791
543
1150
1479
1755
1900
1589
1115
854
544
401
303
194
68
81
104
125
186
163
120
207
197
184
168
146
179
270
342
737
1125
1247
1394
1607
1409
1047
1410
1297
467
266
276
128
147
155
153
151
74
62
57
58
103
922
1041
1319
2808
3103
3104
3117
3086
3131
3080
3020
2867
2973
1650
2223
2030
1926
1071
1054
373
43
1040
1790
1804
1417
1984
1874
1875
3002
3090
3125
3262
3103
2721
2876
3300
3165
2273
2613
2415
1861
2222
2374
1818
1898
1789
1668
1531
2344
2830
3133
3183
3131
3278
3301
3300
3173
3209
3286
3175
2780
242
1697
2852
2822
2099
2130
2413
2336
2359
2376
2706
2824
2992
3118
3182
3190
3258
3367
3388
3329
3271
3349
3178
3004
2931
2915
2842
2508
2201
1838
1827
1776
735
75
875
2507
2869
2994
3155
3169
3297
3038
3315
3309
3235
3142
3093
2695
2645
2612
2086
1549
1318
1099
1004
1286
1503
1740
1755
2508
2784
2939
3007
2985
3039
3215
3210
3238
3269
3143
2819
2870
1428
732
956
1146
849
819
981
689
805
736
855
1267
1639
2123
2675
2371
2410
2334
269
158
281
348
1604
2457
2446
2897
2719
2226
2098
2321
2170
1680
1788
2276
2347
1519
1585
2009
1654
1913
1338
1215
1691
1423
955
867
936
1218
290
229
297
222
202
247
459
483
372
512
693
989
1120
1359
2024
2464
2679
2525
2182
1796
1262
1211
926
1251
1074
672
475
320
264
309
282
233
298
274
375
413
862
2127
2986
3278
3331
3335
3418
3418
3418
3421
3434
3086
2556
2081
1607
1300
1103
806
1003
1259
989
313
1124
1045
1882
2721
2852
3000
2596
3051
3271
2912
2400
2377
1972
2755
2099
1558
1521
1039
642
606
841
989
1271
1229
1600
1820
2065
1999
2935
2973
2886
2804
1784
958
963
1039
1939
2677
2555
1671
1636
1402
1128
934
1394
1439
1635
1577
1916
1436
1916
1217
2509
2993
3208
3267
3248
3133
3157
3118
2974
2953
2838
2212
1986
1532
1510
1776
1624
1245
1224
794
628
772
1379
1948
2156
3175
2957
2102
1217
2237
1331
707
706
384
281
213
147
170
179
383
624
498
1095
1270
520
619
1318
1068
758
1056
855
665
549
413
436
340
308
102
123
149
146
211
173
232
282
179
125
175
329
338
1019
923
1244
1664
1715
3055
3032
3211
3138
2463
1669
1181
797
635
471
338
299
378
398
645
421
440
485
699
589
974
2224
3021
3393
3416
3417
3417
3414
3265
3243
2416
173
172
139
495
643
554
125
638
1084
1009
1376
1271
1551
2433
3373
3412
3416
3416
3416
3416
3356
3419
3340
3045
2846
1875
1641
1277
1274
1506
1364
1128
1002
823
695
826
1889
3233
3415
3412
3414
3416
2004
1752
2399
1211
483
602
879
375
696
640
542
1076
1018
1189
3041
2974
1430
1573
966
623
811
881
949
1265
1165
1349
1268
825
722
444
272
273
237
315
527
718
858
1608
1205
985
904
1337
1139
1172
1273
1540
1995
2909
2701
2211
1571
1322
881
904
574
166
195
198
175
183
269
225
201
241
258
379
516
1193
1459
2924
2201
2212
2211
2154
1913
1507
1524
821
389
770
590
528
321
221
367
384
459
106
179
275
457
501
669
1453
3376
3416
3416
3374
3397
3352
3120
2949
2880
2216
1493
1172
1056
834
767
797
824
679
748
986
1473
2053
2670
2374
828
2770
3089
2715
2573
2659
1711
1348
2418
2649
2107
1031
704
735
168
148
167
155
1469
1439
1715
1718
1370
2217
2859
2858
2875
2889
1331
297
246
109
371
640
570
583
535
929
1466
1245
1190
1199
1222
1398
1792
1598
2703
3018
3222
3166
3038
3173
3172
1920
521
797
334
654
406
340
398
555
793
896
640
382
451
625
764
1507
2517
2941
3167
3222
3285
3225
2679
2883
2933
2855
2684
1885
1337
836
879
762
1079
920
1122
1273
1729
2168
1807
2969
2587
1161
1027
1204
720
592
1296
2601
2206
2496
2271
871
1130
514
247
692
753
956
1635
1282
1280
682
956
636
1273
2937
2930
3116
2897
2944
1951
1883
1031
701
469
690
646
571
163
168
179
160
1091
1065
885
1241
1595
1529
2272
1940
1931
1513
2359
1919
1219
2098
2598
2131
2625
1557
1196
1106
1301
1339
1164
646
383
184
288
505
914
1099
1914
2837
2737
2256
1652
795
254
243
272
106
464
337
425
365
536
427
249
236
317
2770
2674
1827
1674
2048
2385
2385
2085
1491
1785
1613
1085
2188
1874
853
1659
1632
1193
1579
1702
1221
1234
1162
1311
2554
2865
2650
2915
2877
2952
2955
2922
2932
2782
2861
2853
2897
2963
2897
2835
2338
1757
1850
1725
1307
1364
1153
1053
2306
2397
2933
2971
3155
3136
3034
2161
2995
3031
3039
2878
3004
2940
3053
2853
1250
1719
1686
614
482
517
553
784
782
1357
1317
998
997
3077
2920
2857
2904
2060
2509
2395
2450
2854
2703
1604
1163
1402
1187
1032
502
587
580
1694
1711
1372
1251
1695
2026
2803
2870
3117
2852
2865
3008
3011
2848
2213
1612
1904
1337
1295
839
430
485
607
548
601
833
1207
1257
1914
2447
3201
2861
2874
3027
3091
2891
3091
2818
3160
3097
2632
1316
1516
1072
930
704
660
546
551
1288
1167
988
1455
947
865
1314
1684
1500
1162
1476
962
441
156
608
104
73
108
152
150
160
300
334
356
352
775
3120
2458
2660
3033
2104
2146
2043
1641
417
2230
3008
2100
1791
1368
984
1228
886
531
390
394
525
571
648
1461
1837
2269
2717
2388
2177
1293
1114
237
288
267
222
250
234
238
237
193
179
183
238
251
920
586
662
1114
2099
3104
3022
3181
3216
3228
3098
2944
2995
3137
3279
3209
3010
2719
1226
487
231
185
144
94
111
200
843
451
499
623
417
1103
2243
1504
2642
2827
2557
2847
2907
2777
2302
1509
819
512
239
166
246
462
398
1068
883
1341
3027
3138
3213
2882
2951
2708
2857
2834
2858
2915
2912
2594
2953
766
2839
2620
2543
2157
1618
232
207
218
203
179
62
869
1400
1411
2057
1571
2163
2441
2111
2024
1001
1489
1725
363
255
863
1214
983
636
1111
1223
551
195
277
421
943
1403
1769
2609
1340
2052
2567
2503
2516
2535
1574
2163
2756
1576
1766
1824
1128
1202
1418
1314
1423
1556
1217
1724
2521
2987
2946
2851
2717
2848
2413
2323
2075
817
338
536
697
660
310
227
182
166
134
864
1427
1299
1773
2859
2239
2007
2510
2763
2239
2284
1653
417
282
550
891
1936
1393
706
483
433
378
320
382
406
332
245
686
721
1511
2104
2209
2199
603
584
1223
1890
1374
163
119
120
140
236
234
163
162
148
188
109
279
175
602
1476
1288
1105
1289
2769
3201
2570
2213
2441
2542
2118
1296
1079
925
516
389
366
353
386
299
427
306
311
470
612
1199
2425
2924
3363
3313
3340
3328
3086
2703
2250
1385
1335
1366
371
709
814
756
493
317
319
325
361
212
330
371
633
1673
2785
2217
2286
2598
3025
2339
1117
999
697
682
430
193
155
179
160
146
127
118
162
415
882
1217
1306
2033
1679
1454
1417
1803
2564
2518
2265
2460
2399
1520
143
159
159
156
204
252
426
610
1113
827
567
894
772
1164
1993
2354
2855
2858
2863
2852
2379
661
367
623
548
856
809
484
293
375
366
270
337
274
418
671
1153
1540
1916
2390
3182
3417
3280
2772
2595
1801
1607
1659
619
358
339
737
745
638
849
1491
1671
1794
2071
2608
2273
2755
2452
2601
2976
3050
3038
3106
2015
508
354
507
1228
1954
2025
2465
2269
2214
1859
1381
765
497
2287
505
1249
2860
2890
2972
2893
2869
2881
2680
1930
2462
1540
1916
2127
1820
1654
1740
1786
1948
1057
985
1095
1281
2680
2827
3143
3067
3076
2672
2015
2105
1566
1693
1477
1752
2140
2788
2570
1920
71
70
58
93
93
1023
2390
2420
2382
2136
2234
3155
2918
2943
3418
3319
3307
3198
3289
3100
2327
2051
2215
2366
2279
1993
1885
1657
1644
2035
1971
2712
3224
3166
3318
3138
2112
2217
3175
3396
3196
3369
3197
2732
2801
1855
61
122
645
1382
993
461
526
794
1304
1580
1747
1973
2904
3033
2689
2588
2586
1528
1292
1412
2587
2256
860
870
821
553
689
1102
596
396
295
451
671
398
500
685
703
1479
1867
1739
2305
2723
2519
1258
982
1596
1871
1792
977
716
1203
1246
896
767
846
790
645
592
993
1469
1317
1636
2422
2940
2713
2605
2516
2665
2806
2411
1876
1106
576
543
828
810
846
847
830
910
973
785
1144
1833
1901
2863
3014
3106
3114
3100
2994
2941
2929
2973
2765
2829
2126
1271
689
292
305
305
245
212
1278
1643
1194
1878
2725
2813
2657
2765
2662
2290
1995
2585
1870
1523
1321
1312
899
1312
415
318
260
169
127
83
34
1087
1376
1517
2764
3179
3065
3089
3107
3414
2940
3142
3011
2766
2648
1731
150
204
241
258
224
222
201
138
535
1055
484
306
937
2092
2898
3288
3132
2667
2460
2544
2300
1827
1320
1061
656
332
307
258
246
242
214
1129
2582
1929
1891
1836
1614
3325
3419
3076
3100
3142
3147
3314
2957
2653
1900
329
277
269
283
284
239
186
138
142
102
52
533
600
555
600
576
600
600
600
458
507
360
518
518
244
174
175
176
155
156
145
126
95
202
405
492
135
88
642
2405
1923
2328
2966
3178
3139
2787
2789
2134
1908
1531
1177
1246
880
528
254
137
60
33
58
389
777
836
818
1042
1279
2154
2208
2287
2200
1548
1452
376
126
168
177
199
234
259
211
163
97
177
270
285
547
574
600
600
600
600
600
598
594
585
563
543
411
434
483
432
381
330
301
262
304
287
260
427
408
562
600
600
600
600
600
39
124
268
616
577
452
421
387
236
198
199
195
664
238
308
411
39
324
386
512
324
439
280
321
155
157
32
286
118
121
141
173
238
226
231
244
270
368
178
158
1573
2855
2863
2863
2855
2983
2894
3143
2870
2949
2915
2869
2903
2334
1302
667
767
937
300
189
162
113
35
112
135
681
2866
2851
2737
1702
1859
764
2498
1865
469
445
2396
1058
1426
1154
2685
2946
2937
2830
2864
2593
2324
2276
2770
2829
2850
2845
2861
2858
2904
2869
2908
2893
2902
2876
2886
2912
2897
2921
2962
2876
2605
2912
2771
2283
2838
927
124
44
87
38
126
120
46
38
35
52
53
141
110
190
725
2984
2969
557
1937
2913
2875
2753
2284
2564
2889
2907
2850
2857
3081
2873
2838
2742
2901
2938
3147
3073
3207
3200
2969
3163
2380
587
627
2495
3257
2936
2403
2242
2387
3083
3116
2967
701
313
393
1186
976
2901
2945
2872
2752
2150
1191
1917
2308
1554
979
764
1072
201
459
190
363
438
1268
840
800
1096
939
1065
947
788
728
740
956
1880
1036
629
2248
1669
460
707
2200
1833
1609
2147
2024
1652
1339
1052
1034
875
743
1123
1077
1327
1816
1274
1146
952
741
503
435
328
215
647
1539
1555
1416
1640
1666
2674
2844
2946
2912
2796
2944
2835
2681
2436
2537
2870
2891
2933
1607
1381
722
766
517
510
365
639
357
696
770
593
289
328
1261
2165
1298
1137
1240
940
666
233
165
110
271
150
180
138
182
468
2214
2886
2995
3034
3051
3046
2989
2876
2840
2559
2252
2389
1797
998
430
164
321
616
600
339
295
236
180
198
169
90
112
206
544
836
1264
2271
2808
2852
2794
2853
2849
2853
2889
2839
2722
2848
2331
2268
2666
2836
2427
2494
2613
2733
2852
3127
3234
3214
3211
1942
3098
3284
3304
2273
3079
3027
3098
3016
3236
3133
2579
1860
2413
2685
2732
2483
2838
2830
2849
2850
2873
3316
3319
3376
3308
3279
3016
3120
3115
3106
3110
3086
3039
2985
1271
1840
1839
1706
1128
924
856
1328
1458
1905
2822
2836
2853
2857
2856
2584
2427
2862
2859
2851
2840
2810
2615
2280
2533
2320
1590
977
636
599
549
264
111
172
463
472
555
751
1374
1799
2126
2330
2297
2556
3142
3004
2429
2401
2189
1390
1606
2074
2417
2316
2238
1978
2233
2532
3058
3312
3342
3420
3421
3421
3408
3418
3314
3018
2364
2658
2589
1655
1629
820
576
588
705
1243
1356
1371
887
1144
2229
2187
1510
1277
1639
1670
3116
3112
3338
3267
3274
2551
1644
1576
1128
318
189
418
579
993
686
738
1168
1366
1449
2790
2580
2893
2588
2844
2815
2520
2673
1975
686
425
873
815
288
221
265
291
270
268
236
185
180
2566
3050
3266
3278
3257
2805
2939
3356
3354
3088
2591
2340
1978
1132
404
199
330
332
328
214
223
270
110
321
296
1280
2539
3079
3067
3421
3421
3396
3285
3420
3422
3283
3257
2920
3174
2431
574
267
450
150
127
91
60
1895
2581
3099
3199
3217
3244
3188
3078
3094
3108
3068
3127
3089
3084
3027
2941
1276
155
160
164
164
687
1407
507
45
73
2165
2004
1816
2055
2904
2854
2859
2924
3003
2976
3015
2969
2972
2643
2310
1861
157
178
298
189
147
107
122
159
298
471
557
594
600
475
539
500
498
576
537
514
552
483
252
245
201
193
1019
1516
1736
2361
2913
2973
3217
3210
3262
3420
3418
3392
3422
3422
3319
2633
1356
1209
1023
698
150
178
252
360
416
349
283
220
329
191
110
292
1426
1905
2458
2146
1580
910
600
41
243
463
364
206
174
327
320
291
325
382
372
240
164
379
277
308
225
430
590
600
498
588
579
600
543
436
330
251
188
161
166
199
246
221
183
149
210
328
486
546
600
592
600
490
514
541
527
400
505
444
462
496
371
306
449
520
576
584
532
2601
1316
1881
1509
3324
2820
453
572
600
600
282
355
210
450
608
561
566
2716
735
432
439
325
293
218
185
181
1082
610
342
330
291
281
355
380
401
350
264
235
263
303
403
345
296
307
284
262
224
205
1957
2753
2961
3040
3044
3058
3014
3022
2997
2914
2854
2810
2860
2491
1620
2184
2902
2311
231
198
200
139
127
72
806
1005
1248
2362
2920
2551
2315
2256
1873
1569
2546
2434
2394
2157
2149
2178
1711
1486
532
165
165
159
133
86
74
129
281
347
394
415
352
450
512
479
414
447
472
405
289
353
501
160
191
276
292
349
441
393
543
475
1147
1703
1663
1421
1231
1364
805
562
253
60
37
141
153
167
145
232
270
336
309
262
241
200
819
2787
2470
1253
1937
2293
2449
2320
1352
1677
1641
2193
2291
2674
2365
1988
1280
291
305
300
197
142
111
59
38
34
59
65
107
154
186
1294
1540
2492
2152
1755
1576
1512
1301
1432
801
306
315
350
481
566
628
520
483
1435
1189
1971
2299
3055
3453
3632
3726
3798
3403
3182
3171
2828
2475
1444
862
338
256
271
242
287
288
317
316
836
1695
1502
1185
1084
2909
2341
486
191
397
2649
3081
2358
1588
1504
607
430
289
246
260
680
571
498
194
217
395
687
959
1103
605
861
804
423
388
189
201
361
1160
307
693
912
914
587
339
217
237
237
258
456
758
1371
2135
2413
975
2083
1489
1449
1389
1487
3003
3415
3540
3336
2161
991
562
574
451
321
272
206
228
350
389
425
720
449
189
298
622
1306
1224
1021
896
1118
1348
1868
990
309
374
426
457
840
1077
1300
1379
771
702
1654
1594
1412
1410
734
1678
1368
1458
1048
884
433
334
518
484
324
330
356
723
1031
1190
1190
1042
1119
2255
2911
3424
3754
4073
4166
4071
3728
3875
3472
3191
1798
1980
1727
830
413
471
647
799
838
1128
1129
1236
2029
2329
2991
3792
3757
3729
3616
3780
3912
3774
3594
3877
3792
2909
2803
1572
375
330
950
1493
1499
1804
2182
2001
2530
3434
3665
3842
4268
3942
3891
3663
3595
3284
4131
3822
3717
4149
4013
2955
2375
2563
2457
3548
3838
4099
4330
3639
3068
3000
2591
2416
1457
1209
2018
1840
2805
1717
2347
2285
2124
2259
2247
3294
2830
3212
3029
3598
3505
3248
3112
2746
1436
2884
3043
3394
3196
281
264
385
617
996
1125
1454
1499
483
220
447
610
523
768
743
691
744
575
304
234
344
1040
1433
1634
1670
1685
1768
2209
2602
1478
851
1015
933
1041
710
236
320
389
410
643
703
475
529
608
861
717
1104
2704
2527
2146
2221
1714
1529
1200
707
510
307
217
250
480
737
581
382
316
244
232
241
839
1053
1449
1766
2102
2282
2466
2705
2680
2696
1876
689
1189
460
215
579
313
406
507
760
891
697
594
411
1118
1355
2297
1240
1509
1822
1861
2012
1784
1601
1638
1436
1218
769
586
224
737
739
463
290
216
299
371
566
863
1704
2144
2337
2129
1870
3063
3472
3173
3259
3182
1722
1542
1118
798
948
1126
575
767
538
462
472
236
291
1180
1877
2614
3013
2902
3744
2651
2333
2272
2232
1576
1329
1255
726
647
900
424
320
358
944
459
277
566
1005
1209
1148
1020
1932
2761
2462
2152
1883
1235
1089
773
262
1065
259
614
496
301
333
329
721
949
638
515
439
190
455
315
227
198
583
683
542
230
234
270
399
395
285
349
254
301
639
1208
822
719
510
229
295
804
862
1235
1023
1038
703
624
810
330
314
189
192
192
189
324
428
300
305
617
2331
1749
1936
2459
1555
1333
1522
2793
2615
2663
2325
2015
1498
2453
3069
3402
3008
2567
1857
2503
772
632
686
479
411
698
931
556
444
208
2378
2824
3479
3691
3650
3565
3308
3375
3135
2869
3113
2807
2379
2143
2078
1995
1855
1525
1185
761
432
255
193
227
218
210
195
201
289
190
196
285
616
947
1295
1638
2201
2464
1810
660
855
1331
1432
1704
1785
1891
1760
2728
3520
3705
3781
3782
3779
3780
3839
3702
3800
3622
3705
4067
4074
3928
2924
1437
1116
901
630
395
262
381
403
703
1360
1289
2542
3622
3753
4100
4042
4068
3968
4083
3895
3451
2996
3082
1787
961
1004
1468
1801
1777
1858
2155
2046
1991
2516
1653
1793
1598
1744
1489
1490
1267
595
402
252
200
189
248
325
686
697
540
333
295
244
328
402
831
1736
2587
3009
3349
3174
3221
3080
3072
3021
3286
3310
3021
2828
2028
1219
312
338
319
449
622
743
782
1230
2055
2790
3011
3224
3746
3972
4015
3942
4040
3834
3641
3484
2321
1711
1769
789
245
309
315
342
455
512
922
1266
2130
2547
2448
2847
3029
3294
3186
3434
3683
3637
3745
3641
3895
3968
3674
2577
1820
874
1175
1112
1100
1138
750
357
674
917
1155
3280
3365
3344
3386
3397
3188
2122
1254
1053
1154
1014
951
918
674
462
427
364
285
294
337
311
502
553
422
455
487
403
447
676
365
449
934
1586
2466
2159
2026
2034
2258
1288
2146
2559
2533
2671
2411
2347
1048
3317
3422
3422
3422
3422
3423
3423
3423
3423
3374
3362
3238
3301
3365
3333
2779
2113
2734
1241
1809
1442
1079
430
267
202
737
1813
2170
2743
2821
3033
2939
3038
3163
3186
3110
3012
3090
3034
2885
2553
2298
2584
1921
1765
1398
1048
1803
2169
2285
2459
2854
2855
2865
2868
2351
2593
2864
2419
2704
2861
2857
2857
2864
2911
1715
2933
2934
2942
2954
2962
3182
3230
3300
3348
3420
3415
3422
3406
3423
3423
3423
3220
3263
3245
3248
2926
1289
162
171
157
113
54
50
35
44
379
597
964
1388
2277
2385
2463
1979
1482
1480
1318
1844
2219
2158
1981
1727
925
1750
2221
2128
2306
1966
2270
2551
2822
2903
2962
2961
2855
2854
2857
2960
3028
3202
3099
2957
2900
2884
2879
2873
2945
3104
3170
3031
2928
2849
2857
2726
2905
3069
3197
3298
3420
3421
3228
3252
3421
3299
3291
3421
3265
3249
3175
2677
1896
737
1134
791
1245
2150
2302
2640
2064
1379
1883
2099
1960
1970
1199
1169
1724
1045
731
355
276
176
85
83
148
154
284
237
273
207
423
564
1183
2187
2581
2911
3062
2987
2947
2809
2498
2751
2689
2851
2704
2431
1521
155
161
207
806
1616
789
223
1072
159
2073
2858
2851
2192
2773
2862
2908
2996
3061
2896
2831
2419
2136
2205
1594
1405
1255
1928
1151
936
679
519
393
511
617
604
567
549
600
799
2095
3424
3319
3324
3322
3291
3304
3198
3138
2867
200
2976
583
728
93
88
131
146
263
317
1406
3192
3142
2901
1863
915
537
1755
2542
2090
2456
1757
1863
1348
1578
1915
1429
1050
965
1025
1158
1524
2328
2937
3417
3422
3393
3113
1859
1849
2733
3423
3424
3423
3423
3441
3457
3305
2424
1905
837
2710
3000
2139
1854
1906
1809
1699
2607
2086
1500
1853
1446
1799
1953
1978
1604
1231
1575
1822
1468
1341
859
543
594
531
453
456
1555
3370
3335
3388
3320
3395
3405
3425
3426
3426
3377
3426
3425
3312
3344
3320
2851
1461
577
649
963
724
907
714
717
610
606
632
720
696
1194
2904
3426
3395
3336
3092
3055
3027
3390
3277
3175
1598
87
151
587
731
714
573
375
785
1474
2250
2700
3261
3360
3425
3425
3391
3330
3294
3289
3315
3398
3384
3379
2634
3013
3145
3247
3249
3101
2913
2643
2722
3423
3423
3423
3198
3074
3202
3424
3418
3294
3365
3301
3314
3383
3318
3178
2879
1812
3010
3022
2941
2375
2881
2859
2657
3073
2623
1939
840
489
395
453
827
1358
1866
1739
1398
805
686
629
265
89
146
161
200
221
263
247
498
966
1168
1267
2666
2588
3105
2676
1049
838
1211
1555
985
1381
1278
543
343
109
50
81
503
860
864
936
1727
2033
2830
3300
3422
3423
3423
3423
3236
3161
2437
1571
2072
2089
1764
799
518
320
766
1034
1549
1975
2516
2449
2044
3283
3265
3206
3137
3223
2944
2878
2856
2807
2858
2884
2857
2873
2870
2879
2723
890
520
683
1119
1197
1615
2120
2553
2915
3040
3038
3161
3246
2490
2504
2980
3175
3024
3034
3143
3231
3305
3418
3457
3443
3455
3221
3426
3381
3399
3317
2397
2128
2790
3116
3184
3044
2728
652
712
476
520
174
63
36
50
85
199
260
221
121
75
115
227
375
526
1067
1660
2637
2969
2949
2807
2782
2939
2969
3026
2560
1868
1240
1350
1093
1289
2379
1565
2858
2958
2892
2916
2853
2883
2932
2818
2845
2860
2881
2622
2849
2171
1437
1028
871
1118
1564
2054
2490
2168
801
1001
1689
2697
2886
2877
2869
2734
2490
2862
2854
2807
2787
2107
1598
2043
2833
2333
2078
2406
2070
1481
852
1349
1822
1792
1477
1404
1181
2488
2380
2325
1323
1186
2872
3148
3420
3424
3059
3151
2371
1813
2989
3084
3241
2370
1938
1436
1304
770
451
267
185
183
174
156
125
34
42
42
49
202
174
55
97
260
275
353
719
1234
1423
1557
1549
1456
1397
1661
1313
1567
1366
1417
1473
2833
3381
3303
3255
Count
